# Alphas	mu1	mu2s	t_max	K	P0	Runs	Symmetric
# [0.3]|0.8|[5e-05, 5e-05, 5e-05, 5e-05, 5e-05, 5e-05, 5e-05, 5e-05, 5e-05, 5e-05]|35|10000|10000|10|True|
[8.2321299345879668e-05, 0.50026336165999896, 1.0006942101616756, 1.5014469487134006, 2.002511088044566, 2.5026989644873199, 3.0028151813421551, 3.5029461002292899, 4.0030890169963218, 4.5032308002868975, 5.0034155921269239, 5.5036115563122632, 6.0037742712891431, 6.5039115391714653, 7.0043528036688967, 7.5046820360826265, 8.0049294826807778, 8.5053247124594566, 9.0054143478782542, 9.5056857150805456, 10.005766372568328, 10.506842276063447, 11.006886445952976, 11.507384235189038, 12.008211842849269, 12.509248489756427, 13.009392958233304, 13.509487326487744, 14.011446068892305, 14.511981732760312, 15.012018898960994, 15.512630817579224, 16.012951246018545, 16.513247646384091, 17.014051824820189, 17.514278299840324, 18.015305998146026, 18.515315587471296, 19.015319448133898, 19.515440988718254, 20.01556326854308, 20.515589190298329, 21.015836430208754, 21.516185568724996, 22.016931751781208, 22.51746228201424, 23.017669586367415, 23.517790978477304, 24.018183861347026, 24.518429746340512, 25.018507633774089, 25.519211796563702, 26.01976440138575, 26.519893669573914, 27.020421890711418, 27.520683584727131, 28.021252616970987, 28.521259851032884, 29.021566492775371, 29.521924883820432, 30.022500606291079, 30.522658419121221, 31.023860864310237, 31.524120605808104, 32.024188855880141, 32.524755839944447, 33.025152407546756, 33.525937660336616, 34.02787173585056, 34.528294677609324]


[1001.0, 1334.0, 1737.0, 2282.0, 2835.0, 3442.0, 4040.0, 4569.0, 5018.0, 5357.0, 5614.0, 5643.0, 5572.0, 5337.0, 5052.0, 4670.0, 4262.0, 3819.0, 3381.0, 2942.0, 2509.0, 2133.0, 1785.0, 1452.0, 1192.0, 983.0, 785.0, 626.0, 502.0, 412.0, 332.0, 264.0, 207.0, 165.0, 125.0, 95.0, 74.0, 54.0, 38.0, 28.0, 22.0, 16.0, 12.0, 8.0, 8.0, 8.0, 6.0, 5.0, 5.0, 4.0, 4.0, 4.0, 2.0, 1.0, 1.0, 1.0, 1.0, 1.0, 1.0, 1.0, 1.0, 1.0, 1.0, 0.0, 0.0, 0.0, 0.0, 0.0, 0.0, 0.0]


[1000.0, 1025.0, 1062.0, 1100.0, 1171.0, 1278.0, 1413.0, 1577.0, 1804.0, 2078.0, 2366.0, 2717.0, 3131.0, 3614.0, 4108.0, 4648.0, 5180.0, 5714.0, 6218.0, 6707.0, 7173.0, 7584.0, 7958.0, 8301.0, 8572.0, 8792.0, 9002.0, 9170.0, 9297.0, 9391.0, 9476.0, 9550.0, 9607.0, 9649.0, 9691.0, 9721.0, 9742.0, 9762.0, 9778.0, 9788.0, 9795.0, 9801.0, 9805.0, 9809.0, 9809.0, 9809.0, 9811.0, 9812.0, 9812.0, 9813.0, 9813.0, 9813.0, 9815.0, 9816.0, 9816.0, 9816.0, 9816.0, 9816.0, 9816.0, 9816.0, 9816.0, 9816.0, 9816.0, 9817.0, 9817.0, 9817.0, 9817.0, 9817.0, 9817.0, 9817.0]


[10000.0, 9975.0, 9938.0, 9900.0, 9829.0, 9722.0, 9587.0, 9423.0, 9196.0, 8922.0, 8634.0, 8283.0, 7869.0, 7386.0, 6892.0, 6352.0, 5820.0, 5286.0, 4782.0, 4293.0, 3827.0, 3416.0, 3042.0, 2699.0, 2428.0, 2208.0, 1998.0, 1830.0, 1703.0, 1609.0, 1524.0, 1450.0, 1393.0, 1351.0, 1309.0, 1279.0, 1258.0, 1238.0, 1222.0, 1212.0, 1205.0, 1199.0, 1195.0, 1191.0, 1191.0, 1191.0, 1189.0, 1188.0, 1188.0, 1187.0, 1187.0, 1187.0, 1185.0, 1184.0, 1184.0, 1184.0, 1184.0, 1184.0, 1184.0, 1184.0, 1184.0, 1184.0, 1184.0, 1183.0, 1183.0, 1183.0, 1183.0, 1183.0, 1183.0, 1183.0]


(0.8, 5e-05, 0.3, 35, 1000.0, 1000.0)
[0.00043512490803223464, 0.50113986486804829, 1.0021968133852255, 1.502629214870371, 2.0028416685350297, 2.5032331899312017, 3.0038825685171919, 3.5041920678106382, 4.004886971259574, 4.5050168999694824, 5.0055169844431608, 5.505536332198453, 6.0061872614355654, 6.5075797288879604, 7.0077139546772615, 7.5090133855108219, 8.0094720678535793, 8.5099456972049765, 9.010144146476291, 9.5103714022426118, 10.010460373725133, 10.510907709455589, 11.010914922357735, 11.511311455194724, 12.011454478290007, 12.511599149461659, 13.011904666038246, 13.5119296827382, 14.012543532871884, 14.513131965604755, 15.013498450562818, 15.513930627197677, 16.014294628719277, 16.514315844417691, 17.015134312563205, 17.515149657727317, 18.015200946923514, 18.515250599664324, 19.015255119179926, 19.515842705176862, 20.015999981773724, 20.516291150652567, 21.016547855087936, 21.51695414934423, 22.016958353135855, 22.517279562649129, 23.01751591949224, 23.517965093794839, 24.018442043976989, 24.518520320915297, 25.018640007190427, 25.519895884178148, 26.019924525582589, 26.519974210912757, 27.020163122880717, 27.520240394606315, 28.021155910640189, 28.521763279725079, 29.021805726924367, 29.521885069611201, 30.022102400141129, 30.522127688321206, 31.022155452317055, 31.522550592449949, 32.023140913566806, 32.523796121516938, 33.024228551983001, 33.52438530974451, 34.024539353625364, 34.525352276058584]


[1001.0, 1321.0, 1760.0, 2331.0, 2934.0, 3549.0, 4186.0, 4731.0, 5175.0, 5418.0, 5589.0, 5669.0, 5560.0, 5367.0, 5093.0, 4727.0, 4329.0, 3881.0, 3373.0, 2900.0, 2439.0, 2063.0, 1712.0, 1413.0, 1168.0, 919.0, 757.0, 609.0, 491.0, 395.0, 308.0, 245.0, 200.0, 154.0, 117.0, 95.0, 73.0, 55.0, 42.0, 35.0, 26.0, 18.0, 11.0, 10.0, 8.0, 6.0, 6.0, 3.0, 2.0, 1.0, 1.0, 1.0, 1.0, 0.0, 0.0, 0.0, 0.0, 0.0, 0.0, 0.0, 0.0, 0.0, 0.0, 0.0, 0.0, 0.0, 0.0, 0.0, 0.0, 0.0]


[1000.0, 1029.0, 1077.0, 1112.0, 1200.0, 1301.0, 1433.0, 1613.0, 1801.0, 2087.0, 2390.0, 2728.0, 3147.0, 3613.0, 4102.0, 4601.0, 5115.0, 5650.0, 6210.0, 6725.0, 7223.0, 7636.0, 8014.0, 8330.0, 8588.0, 8846.0, 9013.0, 9163.0, 9289.0, 9390.0, 9479.0, 9544.0, 9591.0, 9638.0, 9675.0, 9698.0, 9720.0, 9738.0, 9751.0, 9758.0, 9767.0, 9775.0, 9782.0, 9783.0, 9785.0, 9787.0, 9787.0, 9790.0, 9791.0, 9792.0, 9792.0, 9792.0, 9792.0, 9793.0, 9793.0, 9793.0, 9793.0, 9793.0, 9793.0, 9793.0, 9793.0, 9793.0, 9793.0, 9793.0, 9793.0, 9793.0, 9793.0, 9793.0, 9793.0, 9793.0]


[10000.0, 9971.0, 9923.0, 9888.0, 9800.0, 9699.0, 9567.0, 9387.0, 9199.0, 8913.0, 8610.0, 8272.0, 7853.0, 7387.0, 6898.0, 6399.0, 5885.0, 5350.0, 4790.0, 4275.0, 3777.0, 3364.0, 2986.0, 2670.0, 2412.0, 2154.0, 1987.0, 1837.0, 1711.0, 1610.0, 1521.0, 1456.0, 1409.0, 1362.0, 1325.0, 1302.0, 1280.0, 1262.0, 1249.0, 1242.0, 1233.0, 1225.0, 1218.0, 1217.0, 1215.0, 1213.0, 1213.0, 1210.0, 1209.0, 1208.0, 1208.0, 1208.0, 1208.0, 1207.0, 1207.0, 1207.0, 1207.0, 1207.0, 1207.0, 1207.0, 1207.0, 1207.0, 1207.0, 1207.0, 1207.0, 1207.0, 1207.0, 1207.0, 1207.0, 1207.0]


(0.8, 5e-05, 0.3, 35, 1000.0, 1000.0)
[0.0001900106452053425, 0.50046633873883328, 1.000485225643764, 1.5012374624139484, 2.0014337062705216, 2.5015177541364384, 3.0015594572981787, 3.5030848113529807, 4.0038642238685052, 4.5042160599672787, 5.0043857225249306, 5.5044328701800769, 6.0044401829034237, 6.5045778246956445, 7.0045914724459797, 7.5046820286997127, 8.0048698116646868, 8.5051088308164857, 9.0052324540772428, 9.5054904722375344, 10.005578111963354, 10.505596952084188, 11.005875497569706, 11.506105109383949, 12.006208469580194, 12.507200472199051, 13.007458891455773, 13.507584936170403, 14.007677786967076, 14.508187913239269, 15.008351986266936, 15.508412809309309, 16.008867541193833, 16.508999382914894, 17.009047719940334, 17.509564519884897, 18.010586630331584, 18.511008263594015, 19.011369771747095, 19.511731159822766, 20.011808451028639, 20.512131454963715, 21.012332279656874, 21.513248708729975, 22.013485653042153, 22.513857693756982, 23.013955731360053, 23.514420853694141, 24.014676767447281, 24.514877988181293, 25.015194414770011, 25.515788390637244, 26.016349358869505, 26.516826695141287, 27.016932089730584, 27.517089968449685, 28.017139312622039, 28.517173772140243, 29.018384319691361, 29.518593412666117, 30.01949576528537, 30.519613097509982, 31.019999925863591, 31.52008034795891, 32.020166199476471, 32.520299052453211, 33.020870407948905, 33.52144164092207, 34.021528369365583, 34.521601139667233]


[1000.0, 1308.0, 1701.0, 2160.0, 2731.0, 3316.0, 3912.0, 4468.0, 4942.0, 5321.0, 5540.0, 5650.0, 5555.0, 5392.0, 5125.0, 4714.0, 4293.0, 3860.0, 3392.0, 2949.0, 2529.0, 2144.0, 1782.0, 1463.0, 1212.0, 983.0, 812.0, 643.0, 526.0, 414.0, 331.0, 273.0, 224.0, 183.0, 148.0, 126.0, 104.0, 83.0, 67.0, 57.0, 49.0, 37.0, 29.0, 24.0, 21.0, 16.0, 15.0, 11.0, 6.0, 5.0, 5.0, 2.0, 0.0, 0.0, 0.0, 0.0, 0.0, 0.0, 0.0, 0.0, 0.0, 0.0, 0.0, 0.0, 0.0, 0.0, 0.0, 0.0, 0.0, 0.0]


[1000.0, 1033.0, 1073.0, 1135.0, 1194.0, 1294.0, 1413.0, 1551.0, 1738.0, 1990.0, 2278.0, 2616.0, 3047.0, 3493.0, 3957.0, 4533.0, 5095.0, 5634.0, 6172.0, 6674.0, 7137.0, 7550.0, 7943.0, 8275.0, 8535.0, 8772.0, 8959.0, 9132.0, 9253.0, 9365.0, 9449.0, 9512.0, 9561.0, 9605.0, 9641.0, 9664.0, 9687.0, 9709.0, 9725.0, 9735.0, 9743.0, 9755.0, 9763.0, 9768.0, 9771.0, 9776.0, 9777.0, 9781.0, 9786.0, 9787.0, 9787.0, 9790.0, 9792.0, 9792.0, 9792.0, 9792.0, 9792.0, 9792.0, 9792.0, 9792.0, 9792.0, 9792.0, 9792.0, 9792.0, 9792.0, 9792.0, 9792.0, 9792.0, 9792.0, 9792.0]


[10000.0, 9967.0, 9927.0, 9865.0, 9806.0, 9706.0, 9587.0, 9449.0, 9262.0, 9010.0, 8722.0, 8384.0, 7953.0, 7507.0, 7043.0, 6467.0, 5905.0, 5366.0, 4828.0, 4326.0, 3863.0, 3450.0, 3057.0, 2725.0, 2465.0, 2228.0, 2041.0, 1868.0, 1747.0, 1635.0, 1551.0, 1488.0, 1439.0, 1395.0, 1359.0, 1336.0, 1313.0, 1291.0, 1275.0, 1265.0, 1257.0, 1245.0, 1237.0, 1232.0, 1229.0, 1224.0, 1223.0, 1219.0, 1214.0, 1213.0, 1213.0, 1210.0, 1208.0, 1208.0, 1208.0, 1208.0, 1208.0, 1208.0, 1208.0, 1208.0, 1208.0, 1208.0, 1208.0, 1208.0, 1208.0, 1208.0, 1208.0, 1208.0, 1208.0, 1208.0]


(0.8, 5e-05, 0.3, 35, 1000.0, 1000.0)
[0.0016311100862787641, 0.50257188342090586, 1.003706776403203, 1.5053092457253257, 2.005494148753276, 2.5058174062465728, 3.0061967762793045, 3.5077897075764457, 4.0081383474486083, 4.5083039616701877, 5.0086496191687315, 5.5092511326539926, 6.0093283467720422, 6.5101582555945914, 7.0104832323925557, 7.5104965336469283, 8.0109084113949081, 8.5115603240773634, 9.0120070944321267, 9.5127732421914999, 10.012810873147108, 10.512860700064184, 11.012971657920213, 11.513033289725652, 12.013512594122119, 12.51362739737927, 13.013712305325196, 13.514469509265988, 14.014582888024266, 14.514815106692565, 15.015134222540324, 15.515705752788275, 16.016404757202061, 16.516545179388679, 17.018687531294187, 17.519012027719196, 18.019735687412648, 18.520256312053416, 19.020496704277729, 19.521199168754325, 20.021289416831436, 20.521718895345195, 21.021769612807763, 21.52185338041242, 22.023004492090941, 22.52303988271909, 23.023296402086739, 23.523402090720893, 24.023646493018472, 24.523837906875755, 25.02403940551153, 25.524285733162959, 26.024309058718305, 26.525125351311896, 27.025187504019957, 27.525540517676042, 28.025772141665044, 28.526174925255724, 29.026747750383496, 29.526857987594465, 30.027589231356409, 30.527771264289669, 31.027928602437328, 31.528259375683628, 32.028603729151357, 32.529223128398449, 33.029399851586696, 33.529462232959965, 34.029541030977605, 34.52957993825639]


[1000.0, 1345.0, 1750.0, 2262.0, 2854.0, 3481.0, 4069.0, 4654.0, 5167.0, 5506.0, 5704.0, 5719.0, 5600.0, 5374.0, 5021.0, 4608.0, 4211.0, 3779.0, 3365.0, 2882.0, 2452.0, 2073.0, 1714.0, 1455.0, 1170.0, 938.0, 752.0, 610.0, 491.0, 393.0, 301.0, 241.0, 180.0, 147.0, 116.0, 84.0, 68.0, 51.0, 44.0, 34.0, 28.0, 17.0, 10.0, 10.0, 9.0, 8.0, 8.0, 5.0, 4.0, 2.0, 2.0, 1.0, 1.0, 1.0, 1.0, 1.0, 1.0, 0.0, 0.0, 0.0, 0.0, 0.0, 0.0, 0.0, 0.0, 0.0, 0.0, 0.0, 0.0, 0.0]


[1000.0, 1031.0, 1075.0, 1127.0, 1193.0, 1275.0, 1406.0, 1559.0, 1757.0, 2011.0, 2308.0, 2676.0, 3127.0, 3612.0, 4142.0, 4699.0, 5199.0, 5708.0, 6196.0, 6729.0, 7203.0, 7612.0, 7991.0, 8276.0, 8578.0, 8818.0, 9009.0, 9157.0, 9279.0, 9383.0, 9478.0, 9541.0, 9604.0, 9638.0, 9669.0, 9702.0, 9718.0, 9735.0, 9742.0, 9753.0, 9759.0, 9770.0, 9777.0, 9777.0, 9778.0, 9779.0, 9779.0, 9782.0, 9783.0, 9785.0, 9785.0, 9786.0, 9786.0, 9787.0, 9787.0, 9787.0, 9787.0, 9788.0, 9788.0, 9788.0, 9788.0, 9788.0, 9788.0, 9788.0, 9788.0, 9788.0, 9788.0, 9788.0, 9788.0, 9788.0]


[10000.0, 9969.0, 9925.0, 9873.0, 9807.0, 9725.0, 9594.0, 9441.0, 9243.0, 8989.0, 8692.0, 8324.0, 7873.0, 7388.0, 6858.0, 6301.0, 5801.0, 5292.0, 4804.0, 4271.0, 3797.0, 3388.0, 3009.0, 2724.0, 2422.0, 2182.0, 1991.0, 1843.0, 1721.0, 1617.0, 1522.0, 1459.0, 1396.0, 1362.0, 1331.0, 1298.0, 1282.0, 1265.0, 1258.0, 1247.0, 1241.0, 1230.0, 1223.0, 1223.0, 1222.0, 1221.0, 1221.0, 1218.0, 1217.0, 1215.0, 1215.0, 1214.0, 1214.0, 1213.0, 1213.0, 1213.0, 1213.0, 1212.0, 1212.0, 1212.0, 1212.0, 1212.0, 1212.0, 1212.0, 1212.0, 1212.0, 1212.0, 1212.0, 1212.0, 1212.0]


(0.8, 5e-05, 0.3, 35, 1000.0, 1000.0)
[0.00017773774413345665, 0.50083086576673852, 1.0011934251300274, 1.5014801819092334, 2.0014805352931333, 2.5015634940693356, 3.0021740847405862, 3.50293497442473, 4.0029944797246921, 4.5032925466957483, 5.0036912711880621, 5.5043056088476927, 6.0043895632153994, 6.5047484904120099, 7.0049049883795371, 7.5051727289075281, 8.0062421158382087, 8.5077251906639884, 9.007813798896084, 9.507831250213906, 10.008383837469299, 10.508454470123278, 11.008925899783712, 11.509037718507068, 12.009373489247864, 12.510338604758855, 13.010734481721377, 13.511126268824825, 14.011170060191692, 14.511279029615165, 15.011706906391383, 15.511837166447314, 16.012471771487959, 16.512818167580551, 17.012954278747408, 17.513045402472336, 18.013217849869971, 18.5132727773175, 19.013311436513415, 19.513821406246262, 20.014208881890866, 20.514291871933679, 21.014531430286059, 21.51465553557011, 22.014985323300134, 22.515333948962734, 23.015422935259057, 23.515623143215411, 24.0156831960036, 24.515915361964705, 25.016469032262282, 25.516632260189631, 26.016738890947234, 26.517395476084769, 27.017660643979706, 27.517956569402539, 28.018106632279338, 28.518322068266901, 29.018590390758991, 29.518593679106349, 30.018667152558596, 30.51891130490025, 31.019398089971549, 31.519434013661112, 32.019577448642906, 32.519624024634915, 33.019912396329481, 33.520159081505078, 34.020220208444186, 34.520656606217365]


[1001.0, 1342.0, 1777.0, 2291.0, 2888.0, 3519.0, 4153.0, 4703.0, 5145.0, 5522.0, 5659.0, 5683.0, 5618.0, 5402.0, 5028.0, 4666.0, 4195.0, 3726.0, 3278.0, 2762.0, 2373.0, 2022.0, 1703.0, 1414.0, 1151.0, 919.0, 728.0, 584.0, 457.0, 360.0, 291.0, 226.0, 176.0, 139.0, 107.0, 81.0, 67.0, 46.0, 34.0, 30.0, 23.0, 20.0, 17.0, 15.0, 12.0, 12.0, 8.0, 5.0, 2.0, 1.0, 1.0, 1.0, 1.0, 1.0, 1.0, 1.0, 0.0, 0.0, 0.0, 0.0, 0.0, 0.0, 0.0, 0.0, 0.0, 0.0, 0.0, 0.0, 0.0, 0.0]


[1000.0, 1028.0, 1064.0, 1122.0, 1196.0, 1302.0, 1434.0, 1624.0, 1816.0, 2069.0, 2389.0, 2759.0, 3154.0, 3611.0, 4170.0, 4680.0, 5243.0, 5785.0, 6304.0, 6864.0, 7296.0, 7679.0, 8011.0, 8328.0, 8601.0, 8845.0, 9043.0, 9193.0, 9329.0, 9426.0, 9497.0, 9567.0, 9621.0, 9661.0, 9694.0, 9721.0, 9735.0, 9756.0, 9768.0, 9773.0, 9780.0, 9783.0, 9786.0, 9788.0, 9791.0, 9791.0, 9795.0, 9799.0, 9802.0, 9803.0, 9803.0, 9803.0, 9803.0, 9803.0, 9803.0, 9803.0, 9804.0, 9804.0, 9804.0, 9804.0, 9804.0, 9804.0, 9804.0, 9804.0, 9804.0, 9804.0, 9804.0, 9804.0, 9804.0, 9804.0]


[10000.0, 9972.0, 9936.0, 9878.0, 9804.0, 9698.0, 9566.0, 9376.0, 9184.0, 8931.0, 8611.0, 8241.0, 7846.0, 7389.0, 6830.0, 6320.0, 5757.0, 5215.0, 4696.0, 4136.0, 3704.0, 3321.0, 2989.0, 2672.0, 2399.0, 2155.0, 1957.0, 1807.0, 1671.0, 1574.0, 1503.0, 1433.0, 1379.0, 1339.0, 1306.0, 1279.0, 1265.0, 1244.0, 1232.0, 1227.0, 1220.0, 1217.0, 1214.0, 1212.0, 1209.0, 1209.0, 1205.0, 1201.0, 1198.0, 1197.0, 1197.0, 1197.0, 1197.0, 1197.0, 1197.0, 1197.0, 1196.0, 1196.0, 1196.0, 1196.0, 1196.0, 1196.0, 1196.0, 1196.0, 1196.0, 1196.0, 1196.0, 1196.0, 1196.0, 1196.0]


(0.8, 5e-05, 0.3, 35, 1000.0, 1000.0)
[0.00055326663160163185, 0.50081027427987357, 1.0008223764065682, 1.5010520017452316, 2.0028973347224213, 2.5031299231667719, 3.0034479230161311, 3.5035892410166252, 4.0036528500294715, 4.5036884751713195, 5.0059132694456414, 5.5075908176642292, 6.0083615004431978, 6.5090900490103367, 7.0092389996865334, 7.5094845004092496, 8.0096569496581402, 8.5101625025363603, 9.0109117260667375, 9.5115493693710356, 10.012336902054386, 10.512480664090779, 11.012576634325354, 11.51277633468405, 12.013539697226923, 12.514080174459931, 13.015107710815478, 13.515624489786276, 14.015820891184916, 14.516059533527683, 15.016272841665497, 15.51681962082335, 16.017121709716392, 16.517142439098741, 17.017160956639458, 17.517193141978353, 18.017886542800145, 18.518386350331614, 19.018522554188024, 19.518550428645298, 20.019559036726758, 20.519777887639204, 21.020100298228513, 21.5202103682448, 22.020332423533617, 22.521005254497993, 23.022462886717381, 23.52336690583078, 24.023684340410714, 24.523822995712877, 25.024550150621284, 25.524846286527787, 26.024923059952297, 26.525506582918638, 27.025742824723846, 27.526041821938993, 28.026066463390865, 28.526079282510626, 29.026222016000919, 29.526249342413355, 30.026315003193933, 30.527041000046029, 31.027186336844778, 31.527469906522366, 32.027748744874053, 32.527938850580391, 33.028108800394271, 33.528758052693, 34.028910228131899, 34.529252424110958]


[1001.0, 1333.0, 1736.0, 2204.0, 2730.0, 3370.0, 3963.0, 4578.0, 5073.0, 5445.0, 5633.0, 5715.0, 5635.0, 5441.0, 5157.0, 4798.0, 4370.0, 3930.0, 3416.0, 2941.0, 2509.0, 2111.0, 1765.0, 1475.0, 1206.0, 991.0, 811.0, 667.0, 539.0, 419.0, 328.0, 255.0, 214.0, 168.0, 134.0, 109.0, 85.0, 63.0, 50.0, 40.0, 35.0, 26.0, 24.0, 18.0, 18.0, 12.0, 10.0, 5.0, 5.0, 4.0, 3.0, 3.0, 2.0, 1.0, 1.0, 0.0, 0.0, 0.0, 0.0, 0.0, 0.0, 0.0, 0.0, 0.0, 0.0, 0.0, 0.0, 0.0, 0.0, 0.0]


[1000.0, 1027.0, 1059.0, 1124.0, 1201.0, 1284.0, 1410.0, 1559.0, 1742.0, 1983.0, 2296.0, 2630.0, 3028.0, 3479.0, 3982.0, 4496.0, 5052.0, 5578.0, 6158.0, 6695.0, 7166.0, 7590.0, 7958.0, 8259.0, 8541.0, 8768.0, 8960.0, 9112.0, 9242.0, 9366.0, 9459.0, 9533.0, 9575.0, 9622.0, 9656.0, 9683.0, 9707.0, 9730.0, 9744.0, 9754.0, 9760.0, 9769.0, 9771.0, 9777.0, 9778.0, 9784.0, 9786.0, 9791.0, 9791.0, 9792.0, 9793.0, 9793.0, 9794.0, 9795.0, 9795.0, 9796.0, 9796.0, 9796.0, 9796.0, 9796.0, 9796.0, 9796.0, 9796.0, 9796.0, 9796.0, 9796.0, 9796.0, 9796.0, 9796.0, 9796.0]


[10000.0, 9973.0, 9941.0, 9876.0, 9799.0, 9716.0, 9590.0, 9441.0, 9258.0, 9017.0, 8704.0, 8370.0, 7972.0, 7521.0, 7018.0, 6504.0, 5948.0, 5422.0, 4842.0, 4305.0, 3834.0, 3410.0, 3042.0, 2741.0, 2459.0, 2232.0, 2040.0, 1888.0, 1758.0, 1634.0, 1541.0, 1467.0, 1425.0, 1378.0, 1344.0, 1317.0, 1293.0, 1270.0, 1256.0, 1246.0, 1240.0, 1231.0, 1229.0, 1223.0, 1222.0, 1216.0, 1214.0, 1209.0, 1209.0, 1208.0, 1207.0, 1207.0, 1206.0, 1205.0, 1205.0, 1204.0, 1204.0, 1204.0, 1204.0, 1204.0, 1204.0, 1204.0, 1204.0, 1204.0, 1204.0, 1204.0, 1204.0, 1204.0, 1204.0, 1204.0]


(0.8, 5e-05, 0.3, 35, 1000.0, 1000.0)
[0.0018735594115659301, 0.50309863320643655, 1.0031257535888245, 1.5034818243715793, 2.0035212819831942, 2.503565547171589, 3.004597080126028, 3.5049454523398116, 4.0058084471223445, 4.5063961109945874, 5.0065375184174306, 5.5066975431252665, 6.0067600735701649, 6.5068128683566204, 7.0068800073170605, 7.5068930652613588, 8.0072923472291855, 8.507433946287275, 9.0079630285758103, 9.508169216155741, 10.008960194997387, 10.508963626504283, 11.00900208600485, 11.509274676177506, 12.009455626404653, 12.51026007073016, 13.010676580830577, 13.510790401631338, 14.011426258732552, 14.511459313693784, 15.011581532563103, 15.511897610503359, 16.011957591484794, 16.512604818902151, 17.012762961555222, 17.512802346751229, 18.012869817591483, 18.513050517260702, 19.013294554970162, 19.513469830948491, 20.013476290802853, 20.513483996634466, 21.013698393688465, 21.514240809141882, 22.014442811759924, 22.514560778222958, 23.015763028960031, 23.515940804491862, 24.016077158858018, 24.516313899021366, 25.016332143149608, 25.516436688870225, 26.016587432796253, 26.516765388063646, 27.017352436705124, 27.51793924479059, 28.017965044195407, 28.518497307821637, 29.018739418592155, 29.518795053859595, 30.019193036315549, 30.519252764434679, 31.019363384733435, 31.519656175016365, 32.019707119005076, 32.520013031955457, 33.020768493970309, 33.521128838098534, 34.021222819149266, 34.521264700828901]


[1001.0, 1357.0, 1806.0, 2293.0, 2802.0, 3385.0, 3967.0, 4520.0, 4981.0, 5340.0, 5577.0, 5614.0, 5505.0, 5339.0, 5047.0, 4681.0, 4285.0, 3814.0, 3390.0, 2918.0, 2469.0, 2098.0, 1770.0, 1444.0, 1180.0, 978.0, 768.0, 625.0, 494.0, 371.0, 294.0, 242.0, 195.0, 161.0, 131.0, 108.0, 89.0, 72.0, 64.0, 49.0, 38.0, 33.0, 28.0, 28.0, 21.0, 16.0, 12.0, 10.0, 9.0, 6.0, 5.0, 4.0, 3.0, 2.0, 1.0, 1.0, 1.0, 1.0, 0.0, 0.0, 0.0, 0.0, 0.0, 0.0, 0.0, 0.0, 0.0, 0.0, 0.0, 0.0]


[1000.0, 1041.0, 1083.0, 1131.0, 1209.0, 1295.0, 1407.0, 1559.0, 1775.0, 2040.0, 2333.0, 2720.0, 3143.0, 3577.0, 4068.0, 4586.0, 5102.0, 5654.0, 6157.0, 6670.0, 7158.0, 7568.0, 7930.0, 8273.0, 8549.0, 8766.0, 8983.0, 9131.0, 9269.0, 9394.0, 9473.0, 9528.0, 9578.0, 9614.0, 9647.0, 9671.0, 9691.0, 9708.0, 9716.0, 9732.0, 9743.0, 9748.0, 9754.0, 9755.0, 9763.0, 9768.0, 9772.0, 9774.0, 9775.0, 9778.0, 9779.0, 9780.0, 9781.0, 9782.0, 9783.0, 9783.0, 9783.0, 9783.0, 9784.0, 9784.0, 9784.0, 9784.0, 9784.0, 9784.0, 9784.0, 9784.0, 9784.0, 9784.0, 9784.0, 9784.0]


[10000.0, 9959.0, 9917.0, 9869.0, 9791.0, 9705.0, 9593.0, 9441.0, 9225.0, 8960.0, 8667.0, 8280.0, 7857.0, 7423.0, 6932.0, 6414.0, 5898.0, 5346.0, 4843.0, 4330.0, 3842.0, 3432.0, 3070.0, 2727.0, 2451.0, 2234.0, 2017.0, 1869.0, 1731.0, 1606.0, 1527.0, 1472.0, 1422.0, 1386.0, 1353.0, 1329.0, 1309.0, 1292.0, 1284.0, 1268.0, 1257.0, 1252.0, 1246.0, 1245.0, 1237.0, 1232.0, 1228.0, 1226.0, 1225.0, 1222.0, 1221.0, 1220.0, 1219.0, 1218.0, 1217.0, 1217.0, 1217.0, 1217.0, 1216.0, 1216.0, 1216.0, 1216.0, 1216.0, 1216.0, 1216.0, 1216.0, 1216.0, 1216.0, 1216.0, 1216.0]


(0.8, 5e-05, 0.3, 35, 1000.0, 1000.0)
[0.0015335428323886508, 0.50157455896683034, 1.0027545172451879, 1.5028227294737555, 2.0035059645992264, 2.5038393786462838, 3.0039694057025454, 3.5039751023843371, 4.0045928228652068, 4.5047266969298096, 5.0048215524235218, 5.505032662070005, 6.0054670710792797, 6.5057396116781838, 7.0062437890079998, 7.5062797311257548, 8.0067848668044945, 8.5069941604310699, 9.0074039126562653, 9.5079203002831392, 10.007994976745323, 10.508263897257761, 11.008679849716504, 11.508768825527428, 12.008822383224704, 12.509092141847276, 13.00936226172667, 13.509500007291992, 14.00958697204903, 14.510456812103813, 15.010665825529278, 15.511039937156839, 16.011544628774857, 16.511637496266228, 17.011646986931922, 17.51170150548235, 18.011737925919512, 18.512312620748183, 19.012442486498269, 19.512639173339878, 20.012662597454831, 20.512839097760523, 21.014041681175588, 21.514103011336136, 22.014644551196387, 22.514742264126959, 23.015380642785992, 23.51554159773691, 24.015635805057236, 24.515641261707056, 25.015769791605663, 25.516932769262851, 26.017239726123677, 26.517309895147449, 27.017401717724443, 27.517420993032854, 28.018510937408923, 28.518688983858159, 29.018794232041571, 29.519296114297447, 30.020302109202596, 30.520845742452273, 31.020879881532828, 31.521106455406166, 32.021661219160485, 32.521668448056566, 33.021881104025063, 33.522127290171582, 34.022291960045692, 34.522940760678637]


[1001.0, 1333.0, 1758.0, 2214.0, 2754.0, 3354.0, 3956.0, 4546.0, 5026.0, 5405.0, 5616.0, 5656.0, 5582.0, 5366.0, 5080.0, 4702.0, 4277.0, 3839.0, 3362.0, 2906.0, 2468.0, 2100.0, 1774.0, 1450.0, 1172.0, 965.0, 795.0, 639.0, 515.0, 416.0, 332.0, 277.0, 229.0, 183.0, 148.0, 125.0, 88.0, 75.0, 58.0, 42.0, 34.0, 28.0, 18.0, 16.0, 13.0, 7.0, 6.0, 5.0, 3.0, 2.0, 1.0, 1.0, 1.0, 1.0, 1.0, 1.0, 1.0, 1.0, 0.0, 0.0, 0.0, 0.0, 0.0, 0.0, 0.0, 0.0, 0.0, 0.0, 0.0, 0.0]


[1000.0, 1033.0, 1067.0, 1133.0, 1209.0, 1289.0, 1418.0, 1564.0, 1772.0, 2025.0, 2319.0, 2666.0, 3063.0, 3553.0, 4039.0, 4584.0, 5129.0, 5649.0, 6197.0, 6710.0, 7184.0, 7588.0, 7929.0, 8269.0, 8560.0, 8779.0, 8960.0, 9122.0, 9253.0, 9354.0, 9442.0, 9500.0, 9550.0, 9597.0, 9632.0, 9655.0, 9694.0, 9708.0, 9726.0, 9743.0, 9752.0, 9758.0, 9768.0, 9770.0, 9773.0, 9779.0, 9780.0, 9781.0, 9783.0, 9784.0, 9785.0, 9785.0, 9785.0, 9785.0, 9785.0, 9785.0, 9785.0, 9785.0, 9786.0, 9786.0, 9786.0, 9786.0, 9786.0, 9786.0, 9786.0, 9786.0, 9786.0, 9786.0, 9786.0, 9786.0]


[10000.0, 9967.0, 9933.0, 9867.0, 9791.0, 9711.0, 9582.0, 9436.0, 9228.0, 8975.0, 8681.0, 8334.0, 7937.0, 7447.0, 6961.0, 6416.0, 5871.0, 5351.0, 4803.0, 4290.0, 3816.0, 3412.0, 3071.0, 2731.0, 2440.0, 2221.0, 2040.0, 1878.0, 1747.0, 1646.0, 1558.0, 1500.0, 1450.0, 1403.0, 1368.0, 1345.0, 1306.0, 1292.0, 1274.0, 1257.0, 1248.0, 1242.0, 1232.0, 1230.0, 1227.0, 1221.0, 1220.0, 1219.0, 1217.0, 1216.0, 1215.0, 1215.0, 1215.0, 1215.0, 1215.0, 1215.0, 1215.0, 1215.0, 1214.0, 1214.0, 1214.0, 1214.0, 1214.0, 1214.0, 1214.0, 1214.0, 1214.0, 1214.0, 1214.0, 1214.0]


(0.8, 5e-05, 0.3, 35, 1000.0, 1000.0)
[0.00029609953888379482, 0.50035183287028517, 1.0010257880651203, 1.5010982930875429, 2.0016055679297571, 2.5017072855266584, 3.0017297331967838, 3.5017485978980036, 4.0017627173967201, 4.5026042345332264, 5.0026591729481549, 5.5028533388221588, 6.0028916351211077, 6.5031902112681115, 7.0042018262753798, 7.5043069697847926, 8.0045954167390079, 8.5048307934274732, 9.0052320730962947, 9.5055127904262164, 10.005985507494787, 10.506038619137591, 11.006075899400674, 11.506082123323615, 12.006272289494003, 12.506357186100001, 13.007105082694935, 13.507202910860142, 14.008200508397803, 14.508265335960004, 15.008565979603716, 15.509307979857489, 16.009556028407221, 16.509902447585532, 17.010173237241478, 17.510194414323287, 18.01070691849074, 18.511657352753538, 19.011860656626116, 19.512390487579214, 20.012473083632702, 20.512931890401518, 21.01318374946613, 21.513345552202601, 22.013379018663294, 22.513705942070033, 23.013842860923315, 23.514130695081427, 24.01415599912189, 24.514996511714756, 25.015004418445898, 25.515398235881133, 26.01595611127555, 26.516118926782084, 27.016126244364109, 27.516315574267256, 28.016352171348785, 28.517059081732022, 29.017119352104633, 29.517429894328544, 30.017722852466775, 30.518092315168939, 31.019395193522033, 31.51970782057149, 32.020028137086179, 32.520254763449529, 33.020281152190748, 33.520378311211459, 34.020681298692878, 34.52090801056319]


[1001.0, 1302.0, 1788.0, 2271.0, 2823.0, 3500.0, 4194.0, 4716.0, 5158.0, 5516.0, 5685.0, 5740.0, 5610.0, 5377.0, 5066.0, 4626.0, 4189.0, 3749.0, 3287.0, 2907.0, 2453.0, 2073.0, 1717.0, 1419.0, 1160.0, 939.0, 746.0, 605.0, 483.0, 378.0, 281.0, 214.0, 171.0, 133.0, 104.0, 71.0, 60.0, 48.0, 32.0, 29.0, 20.0, 16.0, 12.0, 10.0, 8.0, 7.0, 6.0, 4.0, 2.0, 1.0, 1.0, 2.0, 1.0, 1.0, 1.0, 1.0, 0.0, 0.0, 0.0, 0.0, 0.0, 0.0, 0.0, 0.0, 0.0, 0.0, 0.0, 0.0, 0.0, 0.0]


[1000.0, 1030.0, 1072.0, 1136.0, 1198.0, 1285.0, 1395.0, 1579.0, 1787.0, 2016.0, 2313.0, 2697.0, 3144.0, 3625.0, 4128.0, 4711.0, 5244.0, 5761.0, 6281.0, 6710.0, 7206.0, 7615.0, 7987.0, 8305.0, 8574.0, 8805.0, 9009.0, 9155.0, 9282.0, 9390.0, 9491.0, 9562.0, 9606.0, 9645.0, 9674.0, 9708.0, 9720.0, 9733.0, 9749.0, 9752.0, 9761.0, 9765.0, 9770.0, 9772.0, 9774.0, 9775.0, 9776.0, 9778.0, 9780.0, 9781.0, 9781.0, 9781.0, 9782.0, 9782.0, 9782.0, 9782.0, 9783.0, 9783.0, 9783.0, 9783.0, 9783.0, 9783.0, 9783.0, 9783.0, 9783.0, 9783.0, 9783.0, 9783.0, 9783.0, 9783.0]


[10000.0, 9970.0, 9928.0, 9864.0, 9802.0, 9715.0, 9605.0, 9421.0, 9213.0, 8984.0, 8687.0, 8303.0, 7856.0, 7375.0, 6872.0, 6289.0, 5756.0, 5239.0, 4719.0, 4290.0, 3794.0, 3385.0, 3013.0, 2695.0, 2426.0, 2195.0, 1991.0, 1845.0, 1718.0, 1610.0, 1509.0, 1438.0, 1394.0, 1355.0, 1326.0, 1292.0, 1280.0, 1267.0, 1251.0, 1248.0, 1239.0, 1235.0, 1230.0, 1228.0, 1226.0, 1225.0, 1224.0, 1222.0, 1220.0, 1219.0, 1219.0, 1219.0, 1218.0, 1218.0, 1218.0, 1218.0, 1217.0, 1217.0, 1217.0, 1217.0, 1217.0, 1217.0, 1217.0, 1217.0, 1217.0, 1217.0, 1217.0, 1217.0, 1217.0, 1217.0]


(0.8, 5e-05, 0.3, 35, 1000.0, 1000.0)
[0.0021445930655259746, 0.50388105199345479, 1.003953951700725, 1.5044822982000332, 2.0046445644820921, 2.5048967289217634, 3.005950357170295, 3.5059972720237953, 4.0061066465842536, 4.5063123242617342, 5.0068623725442025, 5.5073802764735067, 6.0073899622243854, 6.5074642260715452, 7.0074736126323804, 7.5077031715828468, 8.0078035149507709, 8.5081645963664787, 9.0084232621484421, 9.5085835592567154, 10.008738402661043, 10.509009622786662, 11.00915718723825, 11.50964178567687, 12.010920538973457, 12.511143633626041, 13.011276520754052, 13.511401268625633, 14.011710916385052, 14.51202278029848, 15.012523716543809, 15.512555788959931, 16.012679643667678, 16.513605165596417, 17.013814690115957, 17.513879210802202, 18.014126890881183, 18.514524358922824, 19.014868174597463, 19.515148181927906, 20.015380173258979, 20.515993529772484, 21.016192443243114, 21.516573959702228, 22.017020177279345, 22.51702071075114, 23.017026944660817, 23.517291958408066, 24.017478209022105, 24.518413751207603, 25.018906593858159, 25.518964555724768, 26.019907703816958, 26.521307755662146, 27.021460234678994, 27.522354865174179, 28.022428500526726, 28.522475022727104, 29.022586068110495, 29.523202727414489, 30.023280799439956, 30.524253221161025, 31.024565403696666, 31.524828875445092, 32.025097571553069, 32.526137148407976, 33.026253489203697, 33.52709064436516, 34.027422788116048, 34.527648337965161]


[1001.0, 1332.0, 1761.0, 2211.0, 2743.0, 3377.0, 3978.0, 4539.0, 4924.0, 5293.0, 5507.0, 5552.0, 5527.0, 5311.0, 4989.0, 4607.0, 4157.0, 3682.0, 3234.0, 2804.0, 2412.0, 2001.0, 1642.0, 1334.0, 1092.0, 888.0, 705.0, 560.0, 456.0, 360.0, 283.0, 226.0, 177.0, 135.0, 99.0, 85.0, 67.0, 53.0, 43.0, 32.0, 22.0, 17.0, 11.0, 8.0, 4.0, 3.0, 3.0, 3.0, 2.0, 1.0, 1.0, 0.0, 0.0, 0.0, 0.0, 0.0, 0.0, 0.0, 0.0, 0.0, 0.0, 0.0, 0.0, 0.0, 0.0, 0.0, 0.0, 0.0, 0.0, 0.0]


[1000.0, 1033.0, 1070.0, 1126.0, 1210.0, 1315.0, 1453.0, 1623.0, 1833.0, 2089.0, 2388.0, 2759.0, 3127.0, 3611.0, 4144.0, 4686.0, 5254.0, 5811.0, 6331.0, 6813.0, 7256.0, 7694.0, 8072.0, 8398.0, 8651.0, 8864.0, 9055.0, 9207.0, 9320.0, 9420.0, 9499.0, 9557.0, 9607.0, 9649.0, 9686.0, 9702.0, 9720.0, 9734.0, 9744.0, 9755.0, 9765.0, 9770.0, 9776.0, 9779.0, 9783.0, 9784.0, 9784.0, 9784.0, 9785.0, 9786.0, 9786.0, 9787.0, 9787.0, 9787.0, 9787.0, 9787.0, 9787.0, 9787.0, 9787.0, 9787.0, 9787.0, 9787.0, 9787.0, 9787.0, 9787.0, 9787.0, 9787.0, 9787.0, 9787.0, 9787.0]


[10000.0, 9967.0, 9930.0, 9874.0, 9790.0, 9685.0, 9547.0, 9377.0, 9167.0, 8911.0, 8612.0, 8241.0, 7873.0, 7389.0, 6856.0, 6314.0, 5746.0, 5189.0, 4669.0, 4187.0, 3744.0, 3306.0, 2928.0, 2602.0, 2349.0, 2136.0, 1945.0, 1793.0, 1680.0, 1580.0, 1501.0, 1443.0, 1393.0, 1351.0, 1314.0, 1298.0, 1280.0, 1266.0, 1256.0, 1245.0, 1235.0, 1230.0, 1224.0, 1221.0, 1217.0, 1216.0, 1216.0, 1216.0, 1215.0, 1214.0, 1214.0, 1213.0, 1213.0, 1213.0, 1213.0, 1213.0, 1213.0, 1213.0, 1213.0, 1213.0, 1213.0, 1213.0, 1213.0, 1213.0, 1213.0, 1213.0, 1213.0, 1213.0, 1213.0, 1213.0]


(0.8, 5e-05, 0.3, 35, 1000.0, 1000.0)
